m=30
n=30

A
706017,31736,276851,46076,97042,823441,694799,317032,950218,34350,438689,381497,765494,795180,186791,489714,445531,646278,709336,754663,275953,679671,655064,162528,118910,498314,959741,340320,585227,223735
751243,255021,505908,699047,890893,959288,547171,138538,149209,257434,840702,254208,814267,243450,929257,349919,196515,251009,616007,473237,351595,830813,585223,549679,917186,285768,757177,753705,380384,567779
75762,53856,530751,779146,934005,129819,568781,469338,11803,337057,162099,794265,311146,528487,165565,601943,262898,654045,689184,748127,450487,83730,228900,913330,152293,825800,538297,996135,78083,442623
106564,961895,4535,774889,817286,868682,84344,399723,259797,800049,431357,910640,181765,263730,145454,135982,869280,579663,549816,144869,853017,622018,350888,513201,401749,75874,239840,123231,183826,239877
417209,49559,902707,944783,490814,489202,337654,900045,369184,111114,780231,389678,241616,403853,96364,131887,942046,956131,575167,59686,234704,353094,821177,15305,42928,168907,649081,731696,647711,450869
546964,296251,744668,188874,686745,183430,368422,625582,780206,81034,929380,775691,486741,435803,446729,306280,508460,510723,817610,794812,644283,378548,811562,532779,350663,938996,875931,550112,622438,587004
207663,301177,470871,230411,844294,194684,225845,170625,227587,435643,311034,923373,430151,184735,904872,979747,438814,111030,257991,408661,594856,262138,602804,711188,221669,117330,296606,318710,424110,507810
85424,262409,800996,29123,928848,730305,488558,578483,237208,458795,963086,546761,521088,231518,488847,624023,679104,395455,367374,987982,37643,885157,913279,796164,98622,261798,335291,679697,136467,721200
106673,653723,494124,779030,715009,903712,890912,334097,698716,197730,30444,744049,499973,479871,904714,609828,617629,859429,805471,576680,182841,239856,886501,28577,489851,167844,978679,712666,500422,471036
59525,681941,42335,71353,521603,96640,818131,817530,722413,149781,659572,518547,972973,648957,800311,453744,432335,825297,83378,133084,173306,390877,831364,803346,60377,399198,526829,416742,656826,627937
291914,431595,15389,984063,167085,106127,372347,198038,489637,339428,951627,920325,52582,737833,269047,422778,547826,942732,417686,983052,301385,701070,666306,539081,698076,666495,178050,127927,999081,171038
32504,561156,881856,669143,190353,368854,460672,981637,156321,855509,644730,376210,190843,428196,481971,120524,589467,226111,384558,582945,251732,290370,617053,265208,824360,982663,730223,343812,584028,107680
906300,879643,817743,260654,594316,22415,425202,312650,161401,178684,422828,94139,598484,470872,695920,699859,638495,33507,68713,319532,530818,654412,407560,819964,718331,968647,531288,325079,105540,610920
778781,423396,90732,266398,153572,280934,440030,527096,457371,875360,518004,943618,637674,957691,240631,676091,288994,671776,695111,67900,254716,223963,667800,844377,344397,780498,675300,6616,602131,386710
915984,1051,462396,424292,460863,770138,322404,784719,471305,35666,175792,721731,473434,152637,341059,607351,191665,738401,242774,917417,268989,765477,188581,287427,91023,576168,683332,546548,425672,644408
647583,678985,635751,945170,208856,709253,236154,119308,607265,450083,458672,661912,770263,350153,661976,416101,841914,832901,256367,613423,582208,540694,869929,264706,318006,119127,939824,645517,479412,639282
544671,647277,543841,721019,522448,993705,218599,105709,109609,63498,404521,448318,365753,763482,627860,771958,932848,972739,191948,138788,696237,93730,525357,530298,861127,484802,393396,671399,741233,520005
347648,149912,586051,262072,44359,754910,242710,442347,687766,359164,736314,394647,683385,704019,442250,19480,330791,424252,270198,196974,821704,429865,887761,391123,769092,396732,808496,755053,377334,215941
790387,949300,327499,671232,438589,833485,768832,167170,861968,989872,514375,884270,587985,154668,199783,406896,748681,825567,789943,318456,534018,89860,111617,136206,678621,495127,189630,494956,147523,54880
850699,560516,929603,696638,582750,815380,879003,988911,422,865426,612528,989950,527633,479472,801329,227766,498045,900843,574619,845164,738615,585946,246659,666384,83391,625923,660911,729726,890742,982302
769007,581405,928307,580049,16885,120772,862698,484245,844841,209326,552247,629847,31894,614676,362348,49438,489519,192430,122996,205415,146430,188991,42557,635162,281795,538551,695133,499066,535755,445128
123845,490307,852984,873916,270222,208382,564937,640276,416971,205896,947929,81979,105620,141955,166377,620921,573668,51983,931195,728635,737816,63311,860427,934399,984398,858926,785538,513329,177520,398530
133845,30793,939137,301236,295464,332870,467015,648164,25131,842192,558989,854086,347814,445972,54145,177025,662775,330762,898477,118067,988418,539937,706889,999493,287778,414464,464787,763934,818187,100132
178035,359571,56610,521838,335783,175587,208868,905145,675359,468416,912125,103922,745521,736242,561818,184113,597172,299867,134036,212523,894932,71360,242411,53660,441667,13185,897182,196578,93280,307298
456004,101580,995390,332026,297277,61951,298174,46256,505379,761403,631034,89801,80771,777219,905126,533726,109065,825792,338032,293903,746289,10238,48352,667884,603429,526056,729683,707225,781356,287906
692502,556626,396461,61497,780154,337518,607827,741229,104724,127801,549496,485178,890466,798941,734315,51237,72793,88436,798331,943003,683685,131996,722698,110265,117405,640683,328747,653778,749107,583145
740007,234751,734932,970597,866918,86143,366374,369136,684998,597902,789344,367590,205949,86575,771912,205595,388211,551734,228876,641905,484429,151761,781911,100516,293996,237297,530826,91408,405256,104757
112195,784407,291500,603494,964420,432429,694722,758076,432586,655464,109666,933754,187380,266106,797811,487553,768936,395947,272866,37138,673263,429508,451685,609819,59309,315743,772700,696403,125245,130065
92262,7721,423052,655539,722896,531163,108729,631730,126413,134217,98504,141942,168168,196169,317412,316361,217485,250967,892913,703194,555694,184352,211952,77255,913793,706687,557745,313361,166120,622460
987935,170349,257718,396739,73902,684065,402329,982834,402125,620635,154285,381284,161050,758089,871099,350712,685505,294078,530583,832407,597451,335245,299155,452538,422588,359543,558276,742520,424278,429299

b
9.651345e+07
1.096755e+08
9.289427e+07
8.884441e+07
9.4257e+07
1.140691e+08
8.436655e+07
1.044665e+08
1.12902e+08
9.864716e+07
1.007973e+08
9.695276e+07
9.767968e+07
1.009327e+08
9.360557e+07
1.12088e+08
1.064516e+08
9.505145e+07
1.037668e+08
1.345534e+08
8.687864e+07
1.050355e+08
9.98128e+07
8.003302e+07
9.310553e+07
9.960117e+07
8.95968e+07
9.749293e+07
7.617204e+07
9.96168e+07

c
38,1336,-2761,363,-181,-1809,-934,-157,3082,2272,-1851,2538,226,-563,215,-705,-624,991,910,919,172,-1709,218,1132,-11,536,228,-804,-206,-1288

Eqin
-1
-1
-1
-1
-1
-1
-1
-1
-1
-1
-1
-1
-1
-1
-1
-1
-1
-1
-1
-1
-1
-1
-1
-1
-1
-1
-1
-1
-1
-1
