m=100
n=100

A
745823,813095,383245,617242,575453,530005,274998,248554,451584,227636,804431,986104,29895,535618,86986,802072,989145,66853,939393,18079,683808,783716,534092,885349,898996,625901,137783,217724,182059,41724,106852,616406,939656,354392,410571,984349,945575,676613,988302,766809,336633,662349,244090,295437,680147,527800,411535,602599,750496,583492,551748,583530,511772,82501,719543,996157,354470,971257,346384,886533,454641,413369,217654,125567,308846,726078,782851,693758,9703,843199,922325,770932,42564,378124,704311,729487,224200,268982,672999,477440,623679,236369,177042,829627,766899,934473,107800,182146,99005,489713,193165,895882,99000,44070,557251,772473,311872,178901,338890,210067
510104,906356,628887,101444,390794,54522,501234,431665,997561,811585,485601,894438,137460,389944,927350,917486,713546,618300,343223,936022,124687,730559,646443,833136,398222,749798,835205,322393,552217,979128,549264,330357,619434,360573,756486,413843,492295,694713,972732,327688,837788,739047,954171,31826,356805,662621,281430,230306,711100,624536,590568,660405,47459,348720,451286,240829,715017,856169,281436,731025,137677,836707,138516,588169,366094,806741,503732,489544,877037,353077,449389,963528,42202,972957,189126,667088,586399,675081,360959,620241,811133,19159,83782,974800,651315,231161,403432,121933,268366,257772,331599,152149,347943,121571,884142,94188,930035,398960,47306,342308
735940,794662,544861,686193,893623,54697,303592,46096,195397,720139,721726,877788,582392,70591,922738,800353,285876,543618,984776,715650,838954,433204,470572,560670,269019,748994,503839,646775,307677,138639,475521,362396,788093,780275,668480,133417,21458,559797,300749,939405,980903,286549,800801,896102,597487,884006,943727,549114,728360,576717,25760,446476,646267,521156,372250,937129,829517,849071,372472,593144,872541,933496,668432,206697,653817,71959,406668,666899,933720,810932,484497,756726,416990,971784,987974,864135,388823,454688,246612,784402,882827,913704,558241,598829,148792,899704,450339,205593,899642,762563,882475,284879,673194,664247,122727,407260,275215,716642,283313,896189
826562,389966,497853,694775,834353,609591,574695,325975,456371,713768,884394,720828,18515,674745,438453,437764,116949,814664,324788,246153,342648,375630,546509,561877,395762,398071,515319,657497,950911,722321,400020,831855,134252,60373,84156,163815,324153,301657,11582,539860,95282,146430,631105,859307,974220,570796,996851,553497,515411,330615,429945,491756,70944,887729,64540,436129,826613,394475,613437,818623,886225,931106,190704,258508,897856,593322,503791,612771,819405,531843,201996,453839,427854,966050,620018,695360,720137,346830,516943,556651,156411,562013,694773,426399,836255,731361,359967,454158,386329,775533,734245,430221,693723,945209,784212,705543,109245,389870,590864,459326
50245,228611,834173,15546,863698,77977,669010,500162,217916,571573,122101,671134,599546,55882,56249,152416,19523,435119,832206,617353,520082,863855,97608,908044,107928,516949,143070,559327,4480,766659,848695,916814,986968,505084,271349,100661,507800,585568,762864,82871,661563,516931,170965,938553,590443,440579,941914,655880,451891,839682,532577,553843,680034,367127,239215,578882,866875,406718,112527,443791,300115,401327,833348,403569,390115,360385,140170,260056,86724,429341,257209,297485,424801,119119,495017,706379,243498,785049,73997,393823,3294,220599,1201,189099,142398,268003,174810,138563,598846,901049,939375,221107,482620,375949,523733,264799,68264,436271,173771,26010
954675,430540,961556,762391,7249,680007,705922,645094,552266,218031,772344,227951,370802,890919,856363,402374,317951,608597,910187,909090,591554,332505,853050,442343,904347,33083,532380,716470,179220,336467,187632,321860,403798,548522,48644,552688,274739,241426,243070,154075,956413,935656,818697,728235,175729,360307,188709,1099,316351,699588,625218,543017,438982,287356,501610,761523,762385,576014,747638,645500,123132,504349,347196,92057,147764,198090,672238,431455,694374,256710,9660,532237,279320,946226,906435,392624,24758,671405,837155,971498,56839,450269,582429,686607,719405,650006,726888,373785,581541,116030,57560,979764,284752,594934,962158,185697,192959,341579,932892,390607
273144,151862,397049,374660,131028,434985,91422,614589,10880,573218,789710,235291,447965,569316,61308,496239,642280,221188,837041,971073,846358,505951,278804,746593,236854,957342,620223,600223,172522,90256,255188,858557,911059,699604,725156,229809,576012,810610,403784,988439,89908,320873,511361,60512,725661,556512,529313,829966,858746,789009,317765,452153,752204,109773,109653,269811,524590,972649,710380,311791,291387,850343,911640,639241,255296,88575,838240,584678,948104,60935,584600,285037,827716,190906,442475,393351,826557,676839,207524,318037,133725,671431,570949,169684,147571,476028,908094,552131,32843,53768,805045,451320,382585,789623,364224,532304,711629,871465,328623,650084
974835,75875,586978,413828,309068,263761,758743,995216,186490,781124,195718,992359,802243,424170,728837,498304,808972,356445,73151,590951,910180,193686,432311,749135,39088,946321,763650,558777,183762,497899,517798,994243,854838,962401,678910,403442,934974,479433,231715,396230,705049,558515,756607,995482,962429,535021,963867,115538,51353,304280,580150,530918,901199,540505,431924,542622,712387,16576,800902,142424,478423,256761,369029,661732,169526,278712,198142,194991,326773,880327,471049,403910,179150,968923,407397,844473,615287,376549,877170,784832,464901,813959,898435,429182,334263,596607,901982,702037,377393,734930,954099,542768,540060,311041,71142,181899,92898,463436,9233,915018
642707,1319,30288,208391,454912,127179,8549,727053,354052,780425,436601,436499,49118,49537,91009,593997,241008,841354,857199,963610,488849,220232,226131,536742,762087,347502,461178,639288,917329,161489,715608,577697,433243,884232,392991,178893,633298,623964,327875,802946,999479,980977,126950,232164,23535,607394,110721,407401,884066,548088,368940,208267,440888,956193,123938,470711,856883,43295,691595,978984,283197,133694,685249,909446,610831,899974,193353,754401,346196,418568,155636,818983,624887,738535,805094,67129,950786,497527,755122,742380,831114,156418,457255,618063,932178,835073,895414,582477,582706,854912,34769,885410,407672,36286,746123,154744,143823,605920,254407,324087
401731,406314,386130,609763,166808,188011,94538,323119,769575,234042,740340,692788,824061,827961,293298,309300,522983,325232,831827,810277,556955,262891,680535,233577,456371,384506,538556,991704,755197,980454,234706,528512,51341,756852,601941,857155,988277,929478,409456,241,540833,207652,219206,325739,95859,747509,748485,543254,338066,832318,552528,957540,892823,356440,546357,346617,622766,796605,745850,125449,822377,25053,414371,731381,781353,367223,744843,892257,242528,129510,224991,349949,287014,927482,51219,592627,162815,838390,167478,502151,999330,355343,46982,213582,397779,333602,229526,936115,683158,962111,437917,940332,5735,610269,801057,232905,932463,763240,826433,573422
792562,328974,223385,312318,584483,829898,290392,402495,862044,614702,991188,203619,827193,675830,248875,475734,399016,599399,800504,104979,821425,841071,354442,430013,572197,700796,742445,757861,389068,429246,956341,572929,849708,276273,622286,588321,963466,85811,500449,521542,90075,904658,884378,438934,781702,148380,619779,260550,445601,843985,196125,303782,483243,337746,798466,987487,158964,236804,702208,375410,973703,972304,643663,860086,401824,631895,985236,559434,933586,720316,483987,638996,887627,198657,395306,992176,402292,658823,901339,995382,653129,108347,36018,618054,567102,961962,746081,662483,523266,259821,961991,540159,30173,696285,519669,58937,890026,330136,229624,113860
310854,228355,651963,66067,275359,281749,880055,444275,755890,603257,783245,113842,978563,848582,50552,466149,325586,630169,230222,579844,603117,599840,448373,35327,513767,407671,107957,459822,450828,551096,805386,700821,872224,52097,219603,459588,958530,790025,451820,333362,59001,740880,506746,199846,427137,168607,751671,368288,941813,17074,829040,626554,538701,650473,726603,94398,877563,14264,294232,179833,926288,68087,581052,637116,651235,864609,55858,816838,528876,694321,212326,543235,702491,956431,444487,85306,57246,629414,796159,691161,345243,946812,520143,953809,73503,206953,775006,914180,782530,295464,151761,847896,784834,270759,227734,320956,829546,822165,570640,571787
285947,699104,796238,441534,446161,465609,278967,675344,903656,908518,747172,260438,689607,131744,123413,190822,145647,585003,73269,822309,722876,925852,492588,654849,890113,538480,282134,975956,36329,326178,973012,364969,309081,120825,915758,135392,332051,897471,499599,615250,583092,698224,29235,527836,31976,827126,339921,846696,245994,581450,937672,47692,53883,20520,681447,598589,113942,796226,617813,70121,69186,135921,788871,92308,237793,243573,104733,858339,698170,733716,650496,516223,326321,661743,117477,147732,19667,964289,970371,123773,467357,656660,290115,754513,558074,427736,267121,753712,898367,728418,406771,938311,255353,533117,954751,267675,250010,927666,68489,299331
591543,203220,635847,798351,501652,650778,795935,233297,600800,112374,515718,837825,920783,498178,277539,652486,917291,509791,974190,197199,111096,297284,396359,420698,311407,693813,91781,402029,295111,306428,105472,593788,282656,155137,559,283524,550767,870890,42158,904713,130887,833713,800449,917873,137218,504683,404899,173490,575142,606179,214367,519885,989186,489865,694843,411363,34680,292761,801423,346437,83224,511058,366770,739454,524693,804502,816894,189391,123606,820979,637862,16021,895945,515327,544477,606403,760413,855333,382807,84558,733847,331923,839734,371661,828199,176436,129433,879872,43984,686689,733747,437117,379777,979656,398934,440131,156724,325967,313994,894491
246949,310610,408810,707982,143552,871310,83064,461684,30292,753177,700013,214434,679873,557249,850665,558522,901765,419460,358065,488937,255888,929163,466704,253934,431162,702501,402271,181758,856238,584160,373517,221617,218916,522185,433366,741279,70357,847319,679849,136565,858389,199754,607301,543000,162241,5554,771463,764765,421012,56719,585706,174073,728584,534245,252990,917049,758171,887020,68705,183447,737047,696685,776971,501854,425440,611199,855758,670765,523545,298746,703940,381549,567642,887851,842934,898789,938998,815418,1258,2991,87378,260654,22701,424028,340999,541309,926163,298430,338019,859467,340413,138034,507750,856643,384252,695661,627868,450334,473566,949702
83406,279757,446952,587531,877623,469048,437363,746160,467858,860814,466459,498055,487380,229392,85461,67290,888381,233091,861583,711707,872801,937997,139603,393840,980562,644759,896400,482179,13994,622843,231019,527387,724965,607377,588326,433379,244098,428904,10078,608783,957972,95356,35494,886225,246866,8816,814903,140414,879855,95286,352496,593381,585141,667649,647993,433313,139673,751905,241711,650425,857361,84279,972087,31363,835389,835698,49763,545841,943165,321406,806448,601359,789600,799166,49470,283127,653423,489605,972850,748466,567799,298894,256036,886553,446746,815970,98247,859580,27532,899147,899926,524059,120112,177712,706079,831344,34737,757815,957109,342805
638208,342940,216393,786180,723063,278767,582390,420948,91978,23930,491095,278195,339691,287279,170820,399204,697620,203597,666294,443011,433239,175157,193122,616384,268938,559634,944779,714444,679188,959377,775313,607688,947998,59548,268639,986680,772185,475302,680868,416877,380088,213192,382877,29571,472269,333306,975843,555400,846289,408005,461965,826290,991203,523901,925430,738997,567387,968776,824483,959606,646311,379512,476523,911882,14755,156610,471516,542947,59597,657997,889625,109544,437717,280158,985246,608720,253675,132528,544960,827788,836991,833333,203636,544373,874931,120912,856337,899767,217787,76887,474163,835012,469341,413712,502697,125353,132199,870463,602911,265229
864790,58015,457700,722183,338933,401160,526933,894226,778339,69275,278713,379308,864660,419903,239802,597615,479353,898538,934704,817869,708881,743196,899701,65146,335845,4236,828079,507387,366099,226563,534786,289414,68278,84879,68246,409758,123294,442961,898931,353575,120090,569069,875021,348510,41825,142254,76501,740501,456471,668217,699217,571315,628657,877753,662319,875402,467464,141250,68041,714215,307917,671132,652387,531002,715079,504762,487949,497789,935970,389221,117057,240348,684878,839238,970143,215091,760320,584062,402892,509992,495594,651334,743681,301884,89521,825949,389526,775283,179287,109272,905150,876340,999794,864242,36781,544637,997617,510960,873500,70129
987538,922707,564218,431406,337779,720696,13557,373998,922678,546435,473835,496487,308902,950834,981992,513515,992590,455790,425984,213136,193169,832738,726610,529699,829064,511826,551918,213206,587780,142678,52129,683277,608521,219578,406221,629872,555264,127492,169115,900,418105,488435,159785,666806,17822,119587,952121,975853,30818,493832,862709,242801,834254,813573,628937,2138,379662,904397,680320,378761,631919,243194,571371,981728,849668,283373,682427,358061,986926,83895,250231,811329,84332,531208,800604,738798,141577,437838,350316,478446,587363,145720,905322,640159,162856,565868,931610,783081,685656,466166,260244,569226,248696,319234,910794,885209,794570,925803,178758,517493
626969,913175,663935,389132,739982,817617,600305,84906,922351,53503,526978,118765,380081,812815,244021,884412,712619,378087,248845,252779,767221,49767,685258,620241,746660,977254,383852,260132,877458,806077,461068,90871,564226,187302,531643,354969,314715,726715,515725,790625,204413,678075,52391,801153,678537,946004,91467,908430,509905,614866,316003,77395,850600,144442,370423,622354,997553,517296,990511,226457,397945,696539,64547,747637,420343,811299,379544,319000,986051,718153,413125,98540,734533,637271,73749,120420,981595,496750,22316,53737,140788,893465,465767,560813,494406,67692,897637,288494,268974,594154,475827,368248,655577,938195,620388,282769,205102,439078,27153,876173
610054,203513,519869,53730,862175,442879,547965,566818,680364,371316,78137,456297,47749,738232,37905,954241,742347,937444,513316,240829,259892,758951,993343,356642,752834,109960,597006,430539,730692,261103,94717,450909,640039,131952,452768,652165,826982,308008,402304,884221,700550,241797,759809,290855,277367,6008,374649,436877,304229,290790,242441,936678,860177,397168,479368,564953,489569,269739,989740,183594,861644,32536,331892,748723,644332,169155,952201,543225,251339,578531,915469,895587,482455,442685,311686,55219,753768,131861,355858,395811,885511,21142,844066,288000,250268,488329,729010,202537,216198,976333,593196,304334,967701,895960,189945,1700,711736,867714,118220,38927
598155,604275,516385,7408,688903,946016,873525,113188,354505,241861,560290,612689,300739,798122,795622,781071,351034,54203,708676,992929,162393,113478,912868,481606,851792,809896,186678,247125,54094,608923,777211,511016,27653,990385,500891,331931,173801,625600,575093,750961,153434,356723,143865,850594,337804,275124,5912,801893,497359,537797,870900,722817,668053,178746,550451,959872,595982,808552,984532,885914,213759,34534,451069,13696,473659,951193,248877,386362,431377,830870,824630,452944,380499,925862,740818,737608,946912,510051,791859,452119,849184,390370,738351,976437,523252,429859,207079,323334,110781,375148,329837,342040,817101,531639,521075,774288,120175,625413,346584,334553
574575,863925,198483,672419,901822,199077,298214,496470,889894,501365,276923,533912,574208,412746,14665,702736,506698,381205,64838,358516,234175,203425,813762,393374,53481,374989,774972,165214,912211,319138,329713,204156,767192,69880,950030,158126,286375,687099,141064,512038,721300,928839,732078,749824,407261,239416,520803,218999,842373,662900,816218,793858,469053,309456,687549,986852,769912,829565,706056,595297,752850,496672,865120,67935,968544,98666,546932,402911,106951,724139,613644,782947,566578,811301,576734,944025,871440,507553,788803,472978,828785,322414,976145,278139,72738,751199,831173,922331,326957,804050,538205,463242,820733,951903,76181,708643,234850,398836,268052,832497
995374,649717,703924,932297,687622,568311,380786,634544,363165,407561,368637,468346,503365,910528,206352,338538,574084,486882,262145,579552,878316,60856,440821,84167,563195,539265,768035,233014,587321,458920,860968,660803,353815,347121,253644,952524,298131,158322,361234,741604,705871,700863,6126,374283,901487,318277,597043,297725,124927,388295,817670,981175,861977,83729,337646,236053,317737,984448,548206,749227,841837,166807,903089,105035,745068,729346,717442,133345,445734,508739,530444,859704,677693,805820,531197,955892,66584,541473,281589,480849,684833,208179,608122,326109,880836,133308,102318,959114,152817,152453,155468,89478,454370,668863,831286,790215,712683,472545,708560,958056
505727,304984,789791,236311,234226,464646,619349,615292,122536,123706,284388,735707,411250,828966,935109,399007,52117,571144,747645,320176,492884,221575,939269,482254,539951,220979,95855,60071,819492,771456,195615,895109,684269,656813,990381,33595,424196,489933,583463,83178,660121,52211,556787,711997,487860,617563,213699,645624,380581,103623,377450,262787,241210,622887,522881,413179,217714,858540,860995,283868,615355,779468,954844,919596,384755,162559,796732,113729,158740,355764,847744,582740,586137,925831,575036,9878,809359,608770,479862,268367,258022,480958,227264,48507,169159,258372,197830,605654,823687,810597,802218,708085,859365,781063,203717,993344,93534,650584,215098,243798
339622,197782,506785,950754,394547,584424,606499,714615,401477,858678,920478,750815,285521,796796,142680,504501,610650,703768,383279,728657,887274,55754,138130,863052,421689,411256,959138,750221,980996,233439,96136,384521,500223,570213,976630,492805,400823,994991,260924,665292,964254,671119,299105,531080,1363,883778,404325,301136,950578,460595,287577,84535,582140,152984,73002,580523,286944,361857,724798,858298,347851,961743,953565,205958,768222,615494,918915,602498,702109,743650,385041,251429,36663,472071,645037,278898,517813,245591,297438,650440,891383,861093,209836,399034,887873,256454,966799,619120,165262,826182,655659,546408,251255,40060,233299,361049,633419,986098,207078,757060
886318,472178,158830,810903,476456,116199,875709,635151,97191,908431,34920,39654,988568,686151,376627,504275,763473,48780,725901,701299,458837,582254,339024,170543,399134,919770,225968,360943,324495,83491,512617,832849,904605,723569,382935,297947,691681,880446,924542,81161,482622,128178,252837,883951,196197,121266,543650,314553,381980,791519,839164,680205,416864,642855,214003,617233,675159,600984,346244,364338,171398,795342,492617,354559,775039,236729,844819,816509,846214,370124,383168,861322,463856,570506,695277,960914,546268,636541,570850,927106,863753,169756,178617,243429,751755,199054,982940,709610,175354,858284,909403,961660,570557,562836,176579,513631,548427,165194,493843,535071
198727,623132,26218,318723,532953,326707,602151,361869,134834,913806,640524,658741,675299,744533,842163,516609,151784,380603,821002,171282,329909,966470,806274,222110,999774,63645,425426,404279,400233,111834,424254,613508,988061,219823,354017,266169,291427,188309,22762,449350,243565,868714,528564,914127,973929,585385,118887,926526,593521,883605,424419,607219,70671,924766,642044,104410,700196,395744,84813,214401,248724,226576,702975,754129,547242,553439,630536,985456,634242,600416,909179,570794,335354,957136,439868,601503,720235,678747,212680,81532,274407,867506,559314,464575,430244,773964,653886,657696,160937,432320,505037,375270,480321,342356,777125,383883,711528,480882,729154,937554
517207,903060,218115,873208,82601,465350,21832,808262,179128,165309,181522,691406,213685,298035,768313,501101,909457,57759,436696,572213,565024,823800,126012,300047,2022,951103,766277,751280,138779,349255,151256,496671,808634,632833,688371,639535,729295,859833,626919,180510,573264,163483,906043,77251,338469,580576,475183,805302,530732,227233,709457,148548,658083,633947,229229,182146,166269,149522,202668,954955,15810,957511,25595,971109,297526,525026,862326,896395,188930,660686,941226,975706,107846,178817,746527,49374,71192,489075,849880,997042,4293,542562,861335,909131,845336,878862,746158,117401,508974,168749,831095,928005,169402,883727,387802,382508,271380,867871,741477,447818
709611,944327,174035,244521,640894,808594,853357,398058,115405,80189,360404,828889,214531,791020,654654,26049,785756,922556,492263,833996,131267,759760,925730,832692,259327,212943,522268,397297,479058,993904,604440,944904,490392,437891,772634,744042,442849,52905,87731,797967,655549,32239,557023,719774,110319,216569,811002,138576,881888,923549,12657,377097,167729,540177,101573,39172,933223,971590,360864,644170,67854,207833,39508,469307,150012,991307,427005,955369,724220,580850,540212,705412,4929,782495,926853,8196,824612,767313,997138,227576,919535,641964,105231,268088,763821,805492,104164,469706,218984,922701,320255,857530,259773,878052,188187,759171,31593,642304,566828,376348
212470,792137,145358,489092,12747,186531,485179,838211,140971,732191,691037,34396,488807,971389,112363,743189,638506,594143,498573,567810,426447,76147,290516,561292,633297,930770,977768,93506,661702,602734,473766,356192,475526,670990,959642,88993,797723,590735,912189,101040,293224,51493,504079,768353,282914,225283,331223,453197,737359,509837,382453,905475,965255,628231,131945,618264,382959,991194,286756,706163,535160,193131,689405,50360,184353,45563,885031,839779,118067,410356,120141,572050,949386,256311,989865,349743,208443,665794,973343,622663,63444,373447,166168,231201,52114,901747,793272,372952,832039,753811,621826,394033,359214,88761,341612,548626,460494,645418,513473,814409
97093,463660,589777,187091,611292,51847,575685,842330,499676,438969,148972,28182,756646,796087,293485,115118,375030,828877,841762,665206,960137,943113,112611,648253,480753,66427,897762,497180,771281,60268,262384,651035,133517,638510,384882,765675,652882,381428,299949,340074,918919,456213,442442,454132,945277,219041,882392,19777,341699,766005,342738,618769,452967,10064,599042,601529,649383,342655,493249,701745,887792,54963,98272,649748,764048,987959,125237,364414,676198,375696,863446,291906,133388,672618,202505,868503,751133,419322,131,149379,273762,872413,601212,321121,284222,435260,903750,925099,505243,627545,719237,23815,574891,46439,422474,467682,22530,64981,923950,534097
366734,363883,151289,149524,350738,335900,784007,486688,464745,131166,886381,674526,835144,656454,983916,979789,250078,624534,728216,498121,849814,190837,124056,2691,152868,534115,510585,385155,310528,3456,815225,638383,448285,244010,803366,823954,852177,467199,970697,841229,78456,237523,817553,405770,466259,951532,965003,765262,574492,915918,495382,165929,325931,296366,558255,67384,68885,166701,947434,811070,710427,970244,998428,987455,150002,958476,530413,73994,311752,895161,834753,2249,640175,803164,245056,64029,263075,102631,483668,418827,381228,886755,420500,283777,48086,219088,239100,29161,702282,7536,610882,408031,248872,652426,320209,103583,535519,164787,883428,666424
847728,762638,806995,632916,710399,688633,320880,531602,873182,54445,500351,432707,904274,630147,983036,585159,840621,468761,545177,179022,634426,962956,533968,479563,793646,92623,880789,3774,511481,678432,565705,478407,320445,601541,913145,682487,946729,98999,510981,110039,545217,688755,147332,777540,398992,898291,306975,60957,219393,82741,950391,16272,114580,12311,216149,11329,642414,516943,245467,193667,90780,368379,7694,602662,478803,308049,744420,839334,262358,514190,446719,341146,839127,982492,626428,181193,122929,579927,328469,268113,550195,180435,678460,55594,33961,286447,77298,900563,846591,395638,169132,430396,416160,728737,406415,951804,911977,951410,345936,290174
886690,209952,130790,520468,905454,402471,215683,78647,933054,602832,377430,664899,792170,333426,692629,203736,958710,711804,166823,442722,632958,929961,529284,626438,680788,923191,152750,405662,312408,693869,890678,490621,805805,326372,549835,388724,896820,676088,828381,110000,279156,767614,215978,33966,436496,936858,262015,569703,359489,26741,500370,826998,258909,45790,246396,660699,329343,659463,12905,718040,391058,33409,405956,716280,921329,984015,983420,896297,865691,800942,554935,418814,127035,654587,863952,274526,840149,70662,378730,268097,152837,630963,316307,959109,498624,738583,12657,605314,576410,807360,654934,878217,902364,152148,192500,790956,60611,389767,299896,734154
104120,792556,782708,532351,253278,70862,625767,24584,61949,129525,450560,672304,856097,498396,48689,313764,641596,786366,289080,497818,818417,595088,536379,330807,411632,793986,343143,462553,367761,679539,567736,651743,491063,398398,477432,66494,410970,969090,780700,728992,765628,756557,843255,770135,978660,111271,396017,492010,258021,36870,974380,726399,147880,147809,704795,380932,76319,410782,142905,798901,930242,4620,650006,678501,253548,843166,293888,26763,93217,797866,711374,783386,623886,825399,34926,405416,249594,480845,880828,280613,599103,26129,155114,833895,194813,829772,338009,671084,52272,734283,499432,943295,289702,376498,113667,964848,432455,84472,716649,506739
328021,753500,835990,253642,534379,435109,157620,600442,937445,107669,899972,550421,427300,152296,247471,447314,532737,354587,773093,881670,734066,406373,604140,641070,127380,496142,310401,578533,943604,426883,33032,929428,924976,358243,259915,786839,511534,562484,684763,92306,872567,942933,96504,845868,909387,11242,523636,650311,385084,649268,762831,575644,631883,278132,839821,426778,631586,833451,270113,400741,554211,443810,90293,744356,32519,429686,37166,975796,522293,909622,383187,884442,254943,909042,894551,398457,624983,567555,894502,214087,3760,880570,235045,244789,640882,304455,825604,883678,945368,390735,801301,157029,625129,698956,85778,531133,888556,263593,234709,839642
495490,152282,230691,657920,562905,291758,622268,715878,280659,412215,362142,781371,135401,902061,289565,499508,783570,677030,149727,696590,128926,945942,886401,514957,679377,976792,125373,752219,827035,781409,190802,428585,14358,325218,134616,450463,572233,792003,419679,532490,925698,899073,544788,901115,51732,808584,334838,228606,822385,348170,165387,28036,955366,680259,860549,939088,680163,917416,256618,885608,920036,299994,73298,767376,84861,728738,447835,651214,169419,531403,633765,13997,470319,886315,113940,442486,659515,294703,950364,694256,206727,554718,879267,557814,752310,894891,841829,130770,189073,153555,28805,8986,596412,609011,918916,733549,301077,495525,258089,732828
116673,746017,809771,745209,337077,584284,468899,87174,828701,685914,267252,969481,183693,299871,411126,236413,194975,705351,180466,522286,296102,462729,925226,215811,909,906598,680011,514904,522022,102829,996881,358905,625206,393306,7563,545240,509062,246704,45300,841715,48155,316252,783399,972398,586423,778022,727671,650953,664582,938775,535035,398380,670425,440479,132787,439148,547598,395076,398212,751325,522303,490383,88588,250777,447504,637925,709417,992620,932189,92139,953536,162712,970453,596967,240151,70202,299972,813527,76618,354409,131924,158096,62053,701814,86390,616750,173689,651367,498647,284439,830544,818343,938164,226,640354,7256,106332,106705,367046,239532
346075,249545,387003,420981,640042,787533,269922,843968,740443,826085,182111,65343,610312,701524,111529,95733,597794,812215,814560,89346,731253,903848,452177,70595,241203,731839,40396,424466,540170,953824,208827,116244,646185,108322,983496,248269,606317,816678,830038,488989,760705,915100,900966,214159,547016,784689,194361,746865,475506,583217,260474,84731,298063,917122,470466,269395,762948,772150,21202,879975,798151,324098,669012,296224,929946,281889,168797,745142,477083,653411,966574,312959,76347,791395,365321,585058,183255,76827,153578,826860,300887,383823,650715,817353,766244,374113,189782,646467,3506,282816,638565,592034,325222,988951,123148,735851,156533,434591,832227,359846
76146,556882,273858,131968,699626,485854,182635,101125,201505,134660,323722,950541,532084,247611,437220,669055,547651,609016,863122,380634,748931,156613,58030,339641,817159,377486,972603,605280,338170,927977,898415,850692,256718,285424,779926,701366,492462,967665,476110,994906,490528,503404,768751,388024,453205,132767,758483,565194,648602,798039,220371,857877,904720,291949,725843,339380,272609,170192,663985,535806,829093,267289,176074,431130,475603,785200,130565,51261,627470,28990,136108,694526,515631,542537,808465,793666,501818,276560,119577,886587,970287,942522,638093,90499,74616,182369,31591,724910,144073,635891,789827,566210,377352,821569,304812,319305,784959,503687,260923,732450
162866,921068,222146,83517,73609,769529,817660,740400,758225,961192,466372,786976,422511,943725,1215,981267,570152,346406,557459,299715,158989,665223,684172,792389,348560,250000,344938,328566,927479,756049,288168,606141,766007,846138,901972,595667,68443,217965,869396,414160,661176,783464,247811,554381,229509,6813,766617,21735,393043,252466,204138,662246,914734,6803,746399,799652,907791,974572,119776,518922,821958,636987,953907,946922,966603,67251,437479,320772,133966,134499,805929,524717,944252,988340,409836,371125,226777,445976,266148,459043,432849,259550,133628,419171,506812,324257,684658,443038,435607,793004,815539,752089,789236,501218,555138,630713,97899,245601,615687,304891
766945,267156,39410,296492,556321,969072,689094,717854,558986,533308,875712,393038,458013,208166,757250,546647,357324,700969,109134,6511,597262,659143,579965,909944,635970,525514,259549,51076,731924,164208,280325,259354,547051,541223,788093,869593,787520,969426,180386,930593,45056,240570,8756,671561,904805,572374,155377,502318,567690,188191,324129,716010,552885,142196,380302,396509,576700,19303,577538,932190,106784,732124,970521,608847,719638,302683,458969,47933,385291,361653,287513,816695,450474,806614,790153,282886,68216,54836,637487,424228,905523,417263,153974,539954,937086,660922,394597,258917,847898,945052,376938,67187,181500,575706,185804,291378,461611,346912,318098,459861
235819,27655,658420,158720,802644,408521,327325,745990,746327,173873,117457,173955,627373,841875,510034,165680,714277,907029,218460,870949,211757,836649,859288,523330,477311,889873,64983,509408,620761,733542,229919,21774,138903,769485,969763,386733,993428,326326,137075,384692,562593,633799,541561,314925,159243,152532,136865,709775,464811,113183,700850,179904,803649,513908,548394,207766,784568,526443,570981,421983,721129,73046,594822,861964,448746,652543,303404,607401,278830,799543,796150,954083,444283,456829,599778,842607,31104,187189,943590,947918,452930,810814,928873,672685,372270,405637,438768,678618,465017,953260,354634,338955,895851,545389,749259,124790,453181,74657,663308,703623
918943,660039,690075,853710,467849,458425,806086,824751,190355,25576,56721,142850,171336,625808,29418,472280,678411,114701,235988,289010,172674,323639,801091,299564,775604,552727,554648,730621,773603,900838,138081,794057,189333,28877,127300,133649,128224,935254,273158,942674,638115,872519,367010,236126,187237,545604,255042,305754,15450,587447,962556,849834,7841,633990,359227,113971,540773,416363,517051,886112,149311,434620,58945,380969,722342,95029,667158,296330,598523,151767,436321,12584,228946,263606,511337,215007,346045,747793,413561,55658,389968,474432,825304,303574,821773,565637,54287,259940,589063,479682,198571,238937,780172,617272,144043,716104,401447,462332,707253,401151
14287,74548,591028,445947,926614,94803,375357,545954,111590,904455,633241,905403,630517,14130,316410,111782,629427,60616,673963,477387,305477,516285,707000,813593,315740,311234,344912,666272,861059,761756,875826,871223,172708,850210,959585,770185,875004,67320,646758,324029,640312,879740,373575,766715,168004,519677,627419,713886,306327,263614,915996,614996,93084,627661,191947,776943,864488,333515,135328,765444,318546,252305,199995,68917,551866,403752,750092,487133,384725,61315,213613,543828,410586,900954,56195,443454,537767,133974,540902,857355,197937,155525,61284,661041,18505,291032,973822,764618,243609,682085,137768,629775,857001,899789,348304,486259,679486,704093,460831,364209
280194,76112,444570,165623,398689,920578,511286,914135,91843,993037,96343,313079,785354,602361,465855,298061,133086,294939,166544,317036,109751,832072,971591,218193,706049,38918,616257,669332,37105,3235,142379,862393,275965,531645,522174,567575,332966,413358,414290,983921,57645,396483,791301,594145,309494,901794,93036,318959,886951,657398,684486,473896,141158,950921,882615,437383,834941,325076,367576,794820,99219,951778,1374,295326,48359,442685,789826,913513,533208,804058,562617,750852,9131,476733,250255,307849,966947,208725,520429,225469,567155,998164,131779,954673,123790,186157,646468,128082,81229,659194,27302,985179,539285,373773,706706,947407,382216,692879,602032,775236
591794,376118,850635,225658,796939,996882,281239,710353,664609,414777,498220,949119,953178,732897,384619,39987,582892,564670,355118,880190,624493,623979,295671,74587,293636,234664,345832,848476,160281,157780,508611,603262,161313,635419,843926,782248,264493,314631,183114,447418,326612,279745,931758,399633,379361,592806,68414,205158,723591,575106,200153,843466,423673,544706,527921,185027,81598,464040,30458,434928,557821,638747,34121,709872,169241,593342,608026,772338,56179,854711,384223,399559,325350,555346,295350,366057,348984,630188,664409,992097,944357,350283,192917,919569,288621,550815,919317,89958,257622,426991,577682,899512,218148,967030,433925,784802,525187,331210,431537,717874
916205,890018,134620,119825,893443,653052,40182,504667,894444,385667,291981,233960,200869,380244,594750,268313,622406,804549,103882,729214,648556,474603,932906,96353,599067,233488,32232,579818,842183,556853,839868,204873,621218,173938,289469,18405,701467,952088,748985,756704,542044,281991,244800,286247,963132,230619,537276,204929,433985,142126,375522,793541,812798,903782,540330,817846,708388,43113,145861,233259,246626,170200,234981,275389,951603,346606,297252,404367,302168,757288,359680,124812,617145,355455,362875,68395,867149,457842,77523,904913,281624,613840,661825,199945,959983,665073,541255,868957,557004,21300,482629,807967,735984,572262,8886,718253,449372,659583,753184,804720
29059,779796,567308,76024,251547,133368,564431,540936,68828,988431,251021,315405,300587,41943,527855,255948,408651,947508,919274,121156,591905,359588,719280,523504,260770,493029,855822,724379,199030,157202,370413,862259,684732,634162,141238,79210,876134,420371,487613,460272,515629,271922,231503,899525,908689,603604,365173,598551,668455,894554,87244,538965,428393,617116,558832,225773,104430,9879,59059,322585,779455,335412,619531,992886,647971,539730,232178,739807,888982,859794,597021,654718,915006,433127,289690,631846,295352,621992,47439,994610,206685,607325,347565,717710,27896,66749,927058,87681,332332,526134,246567,542854,780847,521835,931944,147027,416708,280221,598061,36379
63593,322815,98288,169962,371101,39666,709213,641306,173978,62058,406600,463010,202595,869538,597901,22916,899417,452892,57932,106180,998426,866315,615168,26847,322455,463723,98927,570946,325808,450438,577802,74752,57248,300887,521674,561837,241479,912712,825718,444491,982062,578226,234347,810572,451220,249894,955434,142565,512515,971923,648286,614633,469598,577739,911305,376158,228688,423468,273524,444511,627478,534595,385381,873438,300279,399970,517676,61731,231291,118398,98690,890265,33292,839020,507218,113628,490395,599402,90125,978223,652985,461079,863745,262756,823946,328909,941296,244033,957107,510777,564537,993716,770962,313734,57778,43978,812926,412015,384102,523079
892139,405862,604350,94713,335915,144756,244805,378910,270247,215521,633695,799696,208435,896247,745685,536340,969963,564840,217612,857750,861986,313234,326917,839998,492483,51808,777997,426615,279890,333442,366877,794773,38595,726643,872673,285744,656816,231810,621917,75031,966754,609932,383654,30473,857552,603504,847826,504567,7812,919066,410646,732340,151021,815216,909594,777921,757100,405138,701872,565418,584695,344849,704204,160780,1414,561958,546439,550783,694507,927488,944206,903255,604067,926203,116858,340736,36634,538324,737203,181141,426190,98078,303152,780101,536915,769049,638908,893138,60597,175689,416274,739767,892945,25756,137477,424030,764544,524390,754458,169716
672695,618615,6747,740200,991736,128094,360519,190993,714370,177785,986848,16901,39700,804312,859779,566210,754089,519467,585864,190652,503392,50820,56001,335131,630868,891968,673365,685236,695715,799812,660572,519889,331670,934167,246402,511158,740293,254094,845570,538109,910128,350642,935319,927713,587660,101672,366813,275773,266024,226462,1221,892998,453443,578379,315537,994017,983892,964545,666233,726132,333976,522726,273282,718352,777996,80972,221503,203880,624062,725178,834348,18797,202038,469040,378333,340328,63758,761313,402603,674258,551031,51362,307427,965442,931469,377965,617633,562490,830545,957695,75413,888014,562404,194275,221375,705734,596722,586255,968492,581702
99710,166520,102004,146162,671533,639818,372373,162789,389458,799957,399734,755095,295140,639971,885107,209564,480305,112899,132283,63909,79205,626917,411276,638554,856543,763552,976159,781516,935578,739127,253545,719223,693483,773297,747193,318316,510383,773045,572773,953847,171490,907227,752195,286104,627374,462775,129352,549340,969507,442085,590924,110881,199772,162881,36781,272652,230057,358481,134256,998595,513473,387785,249778,364689,398998,926294,495423,609149,4709,587688,777441,657150,528268,825757,962431,313668,797066,285105,14796,94059,328656,305497,17924,162124,443934,766747,681225,714509,459727,919261,988943,932595,461470,904914,386391,602977,560276,845825,284734,663285
602219,656429,309865,331577,188116,100594,286493,354762,535716,990833,28081,709504,905148,865817,119081,955272,440845,875749,864939,355086,631110,864537,20894,76728,376652,149109,34000,782229,327178,817459,173537,676086,875589,757132,229549,358880,363101,267370,337237,86869,451505,454610,28938,637066,59365,169113,684649,554523,5936,288014,376550,146408,74441,460689,370332,824541,537490,817499,460327,13935,4884,166144,365876,718183,159340,278700,644904,287133,321863,155332,387602,895724,887757,393553,675426,252140,949984,624645,206869,109566,565807,274261,71072,158365,49425,680853,781735,807347,264980,895890,607947,14302,343963,533619,627726,446682,811088,144743,974828,833744
340036,616201,303687,89128,521478,825275,763904,947635,333481,389678,150328,333638,553635,550250,160337,117001,398491,831367,184920,500736,126227,864616,766623,564311,389509,490087,886894,905040,498339,529180,909693,578557,775763,661361,469605,219690,602551,184178,197430,861979,125562,645545,437262,612567,737457,303210,42872,835492,369245,661306,895710,274027,997899,834338,791324,656579,543628,386620,822215,595295,781620,987674,788233,852907,485562,873744,333781,205238,494307,31112,827558,264184,677468,793845,681813,650725,237266,477352,936414,241028,209035,272400,775796,331345,603036,183933,87368,308847,230802,909179,936879,31782,593607,43722,424846,521534,840324,624993,255130,904683
767278,562622,897144,368017,337665,618818,86804,375435,187300,810509,723221,674642,913974,820944,548680,15443,94596,514710,952479,843046,935007,973411,372464,320833,783227,212143,959149,930227,365666,344847,692652,716576,800324,593630,97085,559466,42994,757608,659614,599420,226918,713686,724476,344153,32654,843601,770278,509598,706935,791154,330602,913667,576663,287838,266792,890168,366038,149931,946323,650801,982214,193753,828726,493752,590738,44795,564415,633508,498050,59530,515115,53100,843617,594633,690989,647192,623403,953855,176862,474853,842389,496914,762382,179795,691592,914417,162574,428039,41756,225669,666118,871333,344663,27154,905274,471010,910456,327913,691073,17350
512299,331747,336046,953342,750481,333858,632797,415488,576458,959497,615810,150493,838255,726139,108757,161268,296940,423525,528368,275025,827940,792765,273676,615657,101461,669931,347332,669463,295232,680397,393713,391758,206884,724493,819288,926465,514072,193063,602862,198100,410334,853061,429025,925652,373015,698217,588585,100776,412337,924702,55456,383986,240564,227732,357056,924096,502449,803219,350207,458629,951093,132897,70214,706053,931697,108812,651663,145977,693933,625577,43628,797904,986210,436689,344684,48711,225126,580972,601336,252444,654308,60002,940501,92440,333912,651015,503862,530879,379062,768885,282440,649238,922177,330605,813421,787615,124235,157303,414940,687302
657670,679946,9288,128523,763884,841901,746924,944519,919707,222997,509719,787720,522405,617354,558197,730966,63309,492736,229847,337325,551594,743661,412247,507570,128885,214757,292759,449911,240206,263190,891573,586099,938669,618042,250644,102448,546319,442590,691476,759416,399362,567371,205505,943524,512758,276175,229063,952925,689390,707844,656888,778946,580428,503181,878720,392889,242560,281555,904762,702646,853042,378622,632986,31460,920026,469694,519856,766290,336151,625948,326835,311038,646044,433635,102797,236075,971781,698868,659417,326030,19724,570430,36239,264669,190578,449245,768633,627900,314632,291973,78146,171861,721253,89358,917805,429620,79631,572102,831756,347303
779868,708311,590902,376932,393765,428252,422968,218846,496715,39774,564774,49048,872269,860012,338192,974029,954771,988621,157634,2819,248105,346225,233262,755868,225851,448389,259371,345729,902946,12602,132136,388002,840606,213188,935229,969798,375196,984862,121998,760934,579320,621119,489854,220373,144049,635140,802397,669611,471551,944474,591441,226671,683813,320575,748894,998144,269661,931864,696357,95169,245797,934652,479733,882517,779276,18186,770740,685768,867655,580468,626068,111058,213616,36273,444490,326514,287223,496402,181624,933786,940176,591423,709,902998,682862,73758,996385,314389,809202,461397,587101,477544,552409,175234,587204,154717,445398,537576,461847,834094
996173,972242,745905,199877,36233,188523,577506,628236,364712,636522,891283,253444,286288,125332,528527,820749,299706,787658,436957,550495,986114,689751,970135,95876,898083,58349,123231,630689,370042,319505,795675,301635,607423,461919,292522,832403,570484,70415,266239,170792,560264,202011,492319,729341,954993,762345,79976,938241,974472,607072,957492,330584,901206,266,483229,147390,314924,171293,592867,657574,348898,53599,47073,55763,71419,15577,973677,734771,752362,33217,117518,261230,893348,972059,994074,346721,292232,187166,743123,717991,188814,433882,45498,655440,781021,862888,785332,433436,347756,55294,819424,105951,5975,274970,942767,674227,385597,856933,674793,608058
439370,961282,822890,10400,141531,482759,580577,292919,438811,398205,137219,952758,359981,836962,41240,423773,75546,313747,945978,854490,173449,535838,294819,902863,81296,787454,174326,719961,231930,207058,216054,976669,381788,635253,46469,231992,874829,460089,2964,464888,824055,871874,301005,235929,831562,437697,507039,185393,151414,906797,992750,390021,826794,954054,893832,840991,683253,171714,237475,434229,24965,268574,980158,312624,571709,611625,901529,395980,692737,204406,62759,622349,687989,296715,571520,316154,809480,365434,698760,633390,964577,200717,598138,83612,544370,846135,40602,329294,709321,860298,500849,994760,428583,267272,472900,160762,158814,268269,757097,609136
966931,773299,572822,450169,286986,752363,94268,106697,734868,354528,580592,298786,713653,360423,718432,995324,83609,468153,93713,725144,912038,86323,519903,552587,685118,299585,601839,198424,656724,698328,459627,157575,421728,596015,322264,830713,122597,251106,937602,655174,752887,810840,48332,414651,725462,138958,632521,246758,839957,836655,453018,394699,961592,8079,398379,487722,618099,69917,142602,654193,218242,119044,43041,165475,511058,867256,766238,134865,64827,672413,482156,495368,313415,323434,909093,450282,748611,185172,84831,206950,558872,661667,939208,40149,163575,438068,325600,89841,810301,399499,655280,566801,3022,651317,317029,265861,460395,623124,801834,561121
24707,793521,273016,822894,688524,603863,386889,65442,998594,661011,229095,92164,240903,902561,217270,479471,909220,193702,447933,617762,594173,665844,267607,423810,799305,932307,469667,306234,439316,306791,274941,138661,166464,493897,86492,926833,148391,160395,717696,674863,358456,90367,8149,372717,788287,447231,99535,805813,659422,452310,533316,526618,629645,646530,191750,801713,196491,411235,235617,272133,8569,928275,520172,464072,523483,336746,332313,988288,473665,746836,669926,795572,272471,283844,717228,184556,833688,169582,953262,722521,134162,853079,931687,564142,398764,441547,701652,259969,28432,947961,996170,779462,989401,487502,127896,464314,742565,673360,873968,758227
617138,274745,336312,835708,385825,80255,865572,435318,171998,4197,652463,369627,376037,441287,516076,300045,478270,6148,171353,303488,744440,580852,701178,804646,851971,117633,657230,752928,702100,605080,38170,195070,330615,642798,217326,76818,980588,206680,983253,610333,247904,517910,712803,259795,114598,549625,218824,312107,973131,309122,946243,410503,10235,310000,155123,994083,450185,545173,262258,882530,102971,823546,427119,920338,527965,870823,352746,400093,597883,911510,132900,42072,400979,595668,919672,293705,544994,781661,327333,95172,441627,28980,675359,111502,199560,530115,627320,373534,606415,846374,701917,392814,571826,249699,727320,343264,78543,302161,300333,23124
176032,860906,655914,856524,270868,895938,208711,964166,414302,229488,818353,360380,501475,747650,831834,394411,96546,265318,791925,936855,568216,938016,597209,987952,762325,185535,516722,640117,868939,600079,999670,129089,293300,476828,129496,228047,180990,671983,325718,790567,545969,230480,686732,48988,572556,993763,362906,558677,927274,259803,832459,175044,879831,279561,849462,806697,189044,978558,253653,778525,810766,497903,915716,100894,135738,858303,18548,728302,816640,116132,488506,347383,773869,285216,824380,172979,863631,926048,191023,50258,548405,9419,828347,908536,705268,243255,589191,938895,895492,606187,792358,836152,560098,595,251201,431892,430596,875221,67548,339841
176980,245960,727793,288134,237266,139573,220653,817529,378167,665482,935808,426424,605121,969582,364588,664415,314687,885705,295475,295296,907074,492834,207061,25722,170126,302271,961437,783637,673224,840707,420797,703708,481235,820559,437334,859961,8798,996032,275129,33420,152015,479545,888832,283348,784106,170310,731267,246547,81749,852895,686522,958107,985055,534677,905972,476597,889661,23752,128638,740615,390960,393568,601809,23788,387610,56652,689540,520343,75994,406201,430156,659279,218313,80997,467619,728645,613946,900589,252705,220018,235729,810111,702380,878494,710983,661047,439522,562750,990311,957312,336752,155371,417021,554433,29655,866694,894405,497141,209208,721570
699687,460694,170510,794352,888489,142429,939667,161,438749,11069,234439,706956,694134,265048,326507,93143,41504,759257,324807,521775,951884,668946,473069,649338,665603,230071,804871,502736,433974,709005,555220,254930,75108,589062,674210,587973,533656,472564,323744,430930,764875,996463,264945,792047,134523,35440,453892,562934,230806,144677,677064,354006,510424,694677,595253,506062,776378,685172,319426,832127,660788,587028,18980,836935,113909,840405,337431,429379,793759,141482,608063,930623,636408,47675,698317,257035,690871,363116,541839,222064,905479,373479,78724,30833,626864,936991,319868,745150,288858,124267,514033,387451,978609,291747,592302,571314,615818,560871,279788,151765
732987,39603,801603,406358,829995,971034,422426,53810,787016,630041,508771,567643,309122,747111,336595,883344,333590,795995,804765,50144,402446,965189,414318,330457,636337,858012,788264,538364,741645,739695,444740,850396,494485,948153,797769,132958,237694,127636,534074,56602,468522,982687,682190,870889,496161,287591,182938,961216,756238,950349,671234,185973,289771,58114,43971,279487,170387,677069,902409,351923,100069,792982,468380,687311,683048,421378,659309,633391,525099,191201,511858,748306,419769,737454,686437,955723,307838,342235,386973,26079,633510,565208,365448,421401,462147,314371,225584,115849,133880,946519,492383,748189,310867,7606,615584,357509,648795,845963,101263,588261
582341,521756,454546,966700,182225,559349,626438,30033,642238,838146,395076,437286,84791,581336,871670,206828,94520,187871,667804,732395,630974,468153,314294,641431,561984,663694,124790,673995,680280,930114,828803,178018,949237,199543,217603,8423,300557,274399,586408,396493,186322,392756,154509,832289,149667,679515,750066,14792,142161,30559,808677,47051,666149,455978,802977,358375,25237,218510,710887,548876,869681,738810,103141,971431,738687,13759,679090,485452,34622,114351,76533,607786,233389,141926,530127,930295,616865,689862,234350,206765,37270,663332,507206,485750,861682,965512,759665,246604,676236,759282,586149,822422,926829,637531,18840,184259,26643,934993,484416,794766
456781,494159,425657,891762,874273,633114,292209,291608,245425,704319,774590,822637,806171,253697,800481,629672,231425,381015,453147,500510,540526,345080,291359,703500,934073,594135,593051,738706,372581,453216,509327,928705,450733,637399,459310,553730,41137,802183,671479,200248,14488,763143,567469,654180,634704,734304,887316,665876,120587,713708,447172,640947,648862,678344,58734,223876,167899,928523,515183,673332,667768,81370,224996,284118,913756,229025,248546,676259,648456,703648,837088,727269,19336,583705,920870,91587,554517,930797,199373,525273,126652,748703,314600,187093,980394,712799,825633,683189,689371,530830,188773,492966,559496,828264,202789,527700,807793,355040,547710,717410
202433,643722,-11,513129,569787,6937,892463,833178,775144,788115,373567,152227,352196,645063,931931,93230,738752,55173,757135,463436,44909,842015,164628,114986,271488,314318,606051,677435,987642,993261,757513,274987,954010,411024,216545,629094,14771,43204,180180,200385,719330,442812,845478,389729,837537,748394,583820,160490,528794,462618,379482,93139,259072,335771,375050,146174,316702,281154,820106,342024,871990,267957,775410,609171,17871,701482,15654,683862,877890,431750,631307,586000,227334,784634,287565,924369,298405,536257,333581,237218,545194,107596,137069,94337,310815,812618,513510,866464,980486,326586,219539,518176,352942,859464,259947,843706,582760,719378,343458,9175
192366,507339,24144,549997,276112,696212,881342,24584,341141,421348,79919,79262,72284,900332,969306,391246,313517,553269,792028,798295,863246,797943,6277,919894,17864,29319,711424,538369,524542,502191,65579,229964,116952,989771,70424,59930,661544,343993,128426,637100,746464,805249,268954,433924,401747,608104,770065,941119,131378,255649,378249,993736,340886,899543,237406,219923,991076,951101,638181,504082,358055,768430,784342,28821,52347,323352,799667,630193,982797,158166,616639,308648,84987,876818,590661,303054,167987,339811,67353,653456,244210,757895,298944,418757,55738,30759,186499,270833,66150,333427,49811,101219,71777,904504,311729,591729,377563,951560,742370,887083
598857,689600,391056,223196,131173,172396,938593,34385,879546,522280,808229,447525,346474,757127,360149,556563,888711,840149,243952,435562,828537,152619,757930,876497,502074,570224,851468,984642,790193,350618,501856,255138,509823,78528,55805,634952,616866,81382,609482,544626,855908,642654,271560,106661,60420,621846,699041,274868,421912,365760,82067,69677,120802,677821,218858,237204,8535,727085,560991,551928,742229,824617,393334,135857,195663,720272,669603,59756,384216,491186,774140,147726,485483,71742,787423,393672,236085,80476,78913,927422,204636,956577,339676,959963,343081,63329,612435,555570,906442,201146,787673,347654,972149,836037,711777,214821,15349,209965,536423,108369
853748,910843,333659,469091,2797,310840,485171,262092,683081,911178,570459,265205,928466,64151,626265,948274,516346,956700,271949,526943,911184,214607,826769,138242,437696,875271,704283,496972,609558,77736,241357,25687,846462,14764,550371,119583,587909,622174,746993,309859,916497,782245,100957,281033,907497,110998,789799,102190,767921,662022,773076,931976,176802,20324,833623,473141,108557,88963,115041,167890,972509,285933,598984,852196,244709,727142,400731,310532,653765,391765,119248,978537,518204,507720,324955,197192,862880,267795,538635,551421,963254,269503,265645,309921,557254,378127,245690,676147,261221,961483,497527,427716,567749,613000,806975,880772,159894,89086,313066,607314
378677,925536,56919,994016,666925,617112,147801,28899,572428,29885,711506,213960,255113,958590,181809,798437,39947,309091,967090,266917,121788,607339,645318,874413,897320,53083,759490,858891,481672,75004,90630,200136,778265,407221,827025,147883,732889,149807,838415,545322,961165,75403,933828,359360,66837,965931,649419,420559,596401,347023,217549,37745,153341,373320,876804,441093,637734,387746,837181,766295,125497,92570,660285,377609,107703,623774,621563,911620,606093,485295,576699,982100,518521,348637,982874,992010,896148,741555,664704,733337,435860,399573,217813,881619,942065,948951,106354,57881,163640,527427,69655,10047,91589,607396,55991,658067,575778,73743,241494,351131
126651,739383,445625,17513,681677,880822,139735,810836,252785,24288,530677,934849,769306,404693,717783,481271,441120,942356,578737,783589,714779,142081,692889,393589,127681,640869,497459,63879,523490,314472,854878,8916,202506,880593,217972,317622,343898,800058,571042,813221,86088,192057,629465,63770,742937,603358,798425,160511,737905,757016,881300,429185,187402,302962,320689,441951,361821,625563,938821,286833,244524,920847,926210,309873,76383,780857,130658,461428,440114,604963,126933,599005,132039,115248,441018,271027,944102,516595,445237,308519,469545,779422,168730,22353,708701,605111,413622,914763,477129,916214,496857,927547,703622,694613,4494,540174,412912,628093,543491,215920
552061,862736,4840,124997,775049,20288,142547,320343,904741,614118,15800,311326,192691,275396,26613,830624,764255,721130,822700,764521,120479,384270,27826,1205,6899,167701,150351,515446,418825,593773,276909,592787,585099,121503,78502,31969,168085,524124,841354,306343,191080,65026,946006,244691,625367,206594,241668,743388,155920,823155,93895,979797,653187,284043,867220,30043,760915,896167,618837,720718,463797,758863,7043,193405,91361,167850,942243,849418,137197,660692,38394,148078,184683,645327,856540,853362,493988,780856,274582,967377,990529,84358,329727,268226,215845,766999,364991,153933,164939,893354,945785,517420,18275,419248,121997,951844,270108,893643,895182,775510
908813,16582,959286,75160,285062,488066,970570,568071,273898,128996,155108,268739,433833,395843,425189,614351,446751,11925,34174,398711,979449,542724,912379,324092,290446,878963,779123,394352,882315,425611,466325,424874,455156,695395,95488,733434,129931,496479,259585,591626,227541,955114,62916,183166,624205,291335,137101,188853,956614,296543,237127,660124,4196,78076,309516,223893,695260,700203,851801,559016,570290,530874,858873,446291,383320,595319,304971,101018,371877,222078,643192,776635,429977,621024,279003,477996,314673,827153,743136,144226,68172,532090,743930,835718,720636,887612,162770,201160,881951,461906,186969,724855,883542,797992,842957,538001,209510,530399,843288,215262
716698,862655,471212,460451,942523,628306,806368,401481,321327,378744,718942,192984,489936,120683,139834,947191,630907,438600,707733,529600,652393,778163,617980,502038,485321,110061,916542,432562,426941,29189,510378,963700,275278,743387,116714,769308,765697,540721,169235,930114,208130,19663,601572,607332,468802,596274,723432,408052,597574,425653,121754,349889,546701,127012,81405,289386,676785,456988,499166,58384,73514,337811,336005,984959,751640,646496,882855,511842,376141,883751,245687,163920,658570,255544,157519,276534,298639,5805,228575,670085,981665,256075,619135,971828,492121,300957,597057,543338,129684,552175,148979,258475,528665,813359,718507,500770,893972,950713,462302,287526
926361,496278,877319,213159,114313,124228,574061,466319,373976,754591,455548,706000,929502,820449,39752,966186,887958,638738,10855,977257,385467,399599,510240,551586,958890,855388,476654,877804,389817,49067,307366,320142,461242,488083,706713,367234,941434,268115,745371,909065,584512,906495,56589,556693,2862,153072,407432,233369,535268,311538,708606,587020,239115,63965,3270,188992,491153,616431,122688,132945,314113,87764,408735,282248,630554,219678,654220,193388,94510,918353,558196,417583,110358,552700,111192,235946,138568,328173,346377,928750,888306,790024,74378,419740,396664,412872,973953,237819,108487,800010,44717,959953,801625,960593,765726,608194,989041,562513,495838,252967
195881,492684,710856,987618,334553,220087,345215,91516,631565,378126,887353,426471,890764,224152,796910,858268,427039,588819,91609,250508,593731,520532,914046,663260,499603,634767,86269,40711,751540,323689,66397,923250,54266,67849,573492,439143,27272,49604,238477,127214,630292,476362,109908,435376,901870,565791,730617,980959,588168,503112,531547,606248,764294,600585,722559,435159,646490,176613,876465,251616,356420,303276,967757,192211,97774,693760,95934,199307,607016,709683,890517,602602,862440,675925,784978,536602,4348,198531,438669,558248,385068,646824,585633,766308,174552,503065,382614,977197,936078,892727,443474,751502,909395,373256,116202,525074,341060,849389,186150,208666
530384,84194,240694,634517,110987,607306,889747,490635,313439,762117,954523,645849,485269,438126,186301,443079,488069,861118,716428,620295,89683,111673,575547,461604,545404,37916,579245,628941,481876,160443,754355,793476,291299,507560,237916,192604,808679,66580,195782,974780,575049,583173,950018,99949,878723,891441,213958,166869,646091,180262,116462,365271,402316,89719,683737,546849,985958,212671,918983,665129,743453,378396,474716,106172,883773,445048,668196,728189,285572,593647,370468,795618,73442,992738,776008,7271,888938,864112,697564,884981,465592,371496,82930,997219,869818,-30,679945,654846,411755,476316,388210,452003,26663,425229,105716,43016,556078,611249,738807,256845
726232,713225,503715,892760,779364,494810,761484,667012,978111,116983,869311,567813,120063,970327,839951,62223,278001,409571,626772,919096,415094,711472,970873,435416,635346,901546,871572,142630,200518,620891,775007,246736,369390,341032,456336,170741,745581,97888,890259,82002,781502,848664,450823,605286,354406,759072,589400,611532,843156,456934,882779,493523,622814,562122,721634,546725,784421,446298,911900,86496,998938,727555,558363,142739,837622,725221,417322,273098,314639,581655,689328,863855,210780,506703,424993,239624,757500,791892,385819,317986,480874,278434,157952,395348,285385,242975,642485,956920,186254,909509,568698,193436,704210,651545,331830,521521,24666,22175,798505,107723
688777,775004,791474,709441,946533,297950,995822,554403,656055,945344,224560,981517,170539,941055,956957,174932,54215,268136,545965,775165,603720,316028,433296,842764,626096,272476,514486,888390,174214,820051,181110,97173,31218,10077,967445,888027,49590,670175,976620,220188,83967,358801,733157,602105,451316,912796,3078,510031,144376,504601,568172,642135,206855,340122,327407,614927,591149,687894,166355,652193,768615,395706,396204,692090,237597,948879,135666,511467,41335,312341,321703,948318,207262,489292,444620,820831,17382,788495,540745,45381,513802,445569,491315,659856,505321,741835,943845,799306,437671,90222,933562,378315,758899,803775,804218,595754,324920,748324,476420,515543
480043,423960,175935,280485,877660,873844,489536,606243,717660,139938,583012,194920,63244,63808,939861,520137,150031,646558,583741,312265,672112,396996,219438,240745,386315,33405,346658,551998,558396,66722,581899,475806,661902,786077,189947,961506,535015,914510,645629,153385,52087,14952,196282,527666,147587,73041,554795,981282,162778,156514,163587,78398,718373,446210,510071,605105,883061,121828,290185,62248,143448,67872,185005,768655,897668,518224,844617,228680,428316,368228,696018,944376,217808,752980,519791,760051,880858,237402,939689,27055,561471,890442,166908,425186,326829,567548,826971,391621,621314,965149,828454,813384,955091,183038,670396,735571,819534,680987,329992,34596
120101,283642,838221,901344,449893,988536,33692,859437,528510,975457,877210,161251,353311,57913,444061,441038,326634,914391,494506,710209,664608,831765,257961,769219,410509,55562,870637,972299,116888,508264,755542,109898,33767,441042,129697,971601,940148,933114,983758,693006,702446,371250,64012,443397,542942,540117,786263,601370,947009,631182,878826,122599,813530,977603,231167,912728,676336,725039,685759,796699,529580,754615,503505,907032,123523,852211,174963,764143,459279,606025,363976,401886,730048,955125,878788,609693,967764,634102,777243,898495,226488,101177,828243,424413,727070,936743,296462,312132,549652,552537,640365,596609,161091,417851,368993,80173,236232,994340,909296,790767
135060,550295,53744,676522,822264,911394,147120,304793,779851,487178,549130,878205,988291,19054,351259,534601,747793,970011,695113,273196,951134,907662,457371,733145,558196,993895,389240,881672,893260,385939,727524,912642,904118,81361,33245,572367,9191,198248,20582,792251,190749,952079,770204,816556,425993,300148,680259,858502,871781,897053,843572,485100,488490,65241,456927,595515,109995,343719,263992,580139,435335,415042,54118,259622,244103,709067,658817,119093,129132,77876,735214,556106,834355,106035,256487,54029,656520,277365,709102,130209,523950,45795,101216,468882,710618,601307,204838,618749,699121,314760,804770,177940,241230,594690,868221,818651,590044,2188,944527,792457
399269,873438,674364,242290,168362,861112,326574,325085,400114,763483,163984,688260,643282,821336,378485,111812,859470,713155,574968,741113,753647,555044,800893,670314,535062,685895,955180,627716,819115,188884,751451,221503,416392,790853,399902,45014,200966,42767,639128,251684,419826,171754,884445,340949,205044,795367,24372,39684,529772,933361,602175,601137,643831,921924,219179,884894,48727,812022,32495,414984,594627,196715,796072,210910,174331,613804,941051,661532,214820,913582,380135,34886,227268,906878,868976,582427,560743,989,126775,214563,826803,387553,318008,261705,296454,428121,192326,567436,657632,685549,353676,956787,243663,748247,390167,844742,371922,707577,345590,877146
750504,434369,400601,372876,443195,380246,72620,440225,606488,304715,406585,100922,476828,292340,16184,884405,210232,683613,154306,974314,502613,891398,726464,497130,607176,349224,526168,796896,273604,292613,348087,875961,93229,206601,302690,351458,726721,886315,51831,78467,14388,193260,26192,468713,243307,919910,715806,488595,77982,530020,666018,607674,419494,110709,816597,249230,509130,804114,509782,302631,861914,57300,730731,900871,463990,469311,153730,961792,876243,488579,407018,126489,925419,5482,186307,323994,50092,144451,729343,482228,337999,236691,450809,185370,324188,263898,830061,696330,333471,580191,287767,263897,259828,677048,519779,76661,55751,258654,439872,284218
678736,949575,773933,636103,753558,746792,585990,773034,392428,605251,247358,290132,19235,347245,141710,411476,152984,828993,739174,98780,820616,227035,106852,662743,954573,814547,623216,328202,277296,434321,350231,877748,6055,696420,337997,304914,648066,921139,893064,997180,72791,129532,981567,90151,686128,928959,141731,884405,19664,342621,238230,984563,846583,794492,900269,780084,836495,321026,742721,664461,289113,337306,908629,32154,696328,208691,824133,218154,99552,619468,103725,799043,902916,312444,281518,6683,495822,988482,737915,310651,600368,781659,111444,579288,870359,689746,242895,342657,545395,67480,410390,237435,488923,806048,377786,517930,94507,909087,207552,382003
660247,758350,172987,517332,995339,707581,80475,43212,491105,446542,486748,165808,360593,880711,744327,416713,907346,94216,181245,946583,100759,387977,289154,72994,194528,417427,292856,702109,239637,959480,305393,154831,555465,790524,443817,995819,436531,304372,246435,960822,222803,395549,224447,269952,418384,997737,911022,550382,596296,79053,576594,898163,463257,398337,104372,652202,991700,678041,428421,654767,588705,745030,640835,503627,938036,605305,638888,702628,860936,379601,712095,523473,363426,434620,687567,226774,979002,975669,289443,338368,996445,788950,794902,632333,811433,448039,830597,126576,513220,715904,248071,531854,382148,801742,670829,982858,936816,576231,80094,413767
180763,995632,520339,885272,648217,466201,95191,967819,620074,155919,398307,882494,538968,543631,442397,183664,249156,285040,529463,559794,415088,905672,305074,649735,288711,255177,358119,805899,538881,590023,231065,101857,644610,980138,101633,187785,9286,838288,481291,468478,908541,417090,544093,698979,78958,509367,486847,855867,614367,117327,606834,164096,398966,532311,875199,659005,787605,125938,524927,899471,108995,634535,80754,411174,712606,100333,809929,637774,898060,621784,414549,647524,489218,93665,637287,950257,476325,602766,591442,225184,668401,156468,774230,212974,169041,725726,256115,162683,625740,250673,262905,843913,397361,104489,193774,363007,874523,599731,258039,358364
887530,900522,447897,268779,553771,178766,859689,231900,168022,26626,322363,555121,824512,804229,24311,371443,491820,465999,41618,616964,577991,298739,435610,136547,299651,761352,35206,269427,996269,446891,152700,886218,31284,115947,250780,759652,898300,223343,673267,818769,948926,874304,393676,936957,436840,162439,309752,681078,934049,947385,599044,948870,403959,40937,293755,31843,864500,432490,92718,137706,241896,222932,867728,764154,344649,384719,594825,535075,333489,854669,265571,933935,389773,683034,274938,27861,940608,533924,671141,607496,750849,981321,727643,857308,991843,759437,145956,326238,28689,694521,958754,729021,736729,174528,355345,574607,459892,833709,815426,323884
461631,673927,595187,134301,19394,125021,223199,449083,534486,990390,717320,980056,53643,636839,960379,269850,949403,902225,194568,733926,174779,105052,314044,348701,398903,283846,313844,718252,944642,87698,279463,596119,828418,782132,557195,36180,669339,848974,65371,360702,257977,432540,306002,966586,129846,217358,893384,621669,398103,356025,646538,733065,731675,958172,45859,424304,8918,703776,780871,564797,23198,7465,988969,201568,823321,360887,461200,109956,781241,453389,297032,358337,482385,431168,698793,675035,6772,78898,460573,777515,816746,631352,364813,887488,250852,66026,727125,766775,898316,766803,946879,535687,959778,978187,522053,845345,898017,931223,457586,759138
938791,810683,930386,446902,833870,987781,369577,170684,823149,587017,961609,489079,253448,678193,914484,617037,322431,490461,407396,83848,591919,879004,553264,299401,896999,794287,775791,598929,557177,299638,547613,991830,483362,684743,479965,746496,211344,248412,97749,708642,855732,789014,742818,104433,520828,846618,843598,377685,272023,125217,691322,555087,8375,415974,439063,784340,829981,589566,141988,593273,726166,428324,210713,265311,993184,480705,827734,603199,817824,955544,650344,627611,646529,62039,938191,898707,694829,310338,343480,76137,519789,608739,727133,-26,169683,463238,361789,952062,932188,958065,206459,159617,571718,592879,698581,305744,393791,336820,128906,86845
548899,317665,992748,723538,572059,717200,976558,426934,913006,897302,835213,47863,359217,295684,629089,136098,373984,864769,250199,29409,999450,605104,244120,438140,735068,557945,438284,603503,180917,808768,819041,487185,755027,404313,725650,153924,509025,668003,152491,62602,337049,445889,757625,130447,901503,220260,378489,422699,972684,176934,882266,551213,321424,899836,542066,462836,807957,360755,971001,555473,769797,680090,205120,834607,865454,41425,614155,273208,746682,487821,792356,524416,597472,219952,363956,297172,851603,973688,623585,892269,980902,646944,798799,404815,482313,63799,802910,351006,849258,991807,484273,356301,54277,914069,704940,438028,968107,723794,656770,514724
877045,60080,471425,310948,194613,150965,901411,70565,958385,699860,11911,4781,853278,467235,836703,220547,805942,248505,998273,937892,553912,912690,635454,780075,567175,191681,906240,514808,998977,377267,206033,729920,313367,117493,888595,693093,939895,417109,815753,804824,360341,913806,288245,164919,455809,242742,1822,615305,661195,660303,680444,850636,37218,680744,571095,690184,895557,266789,68462,313533,789159,498290,436977,168323,264489,683851,816620,705492,576497,994063,461140,493303,273887,655069,406998,299893,605397,791153,970892,773362,599942,449014,153388,211154,700320,956179,635433,891261,216207,683513,314990,25289,820232,432612,88616,935078,390716,587891,239760,653531
366470,481199,401626,333731,267512,767821,240306,961274,923545,274175,223202,252049,246918,239501,428194,825909,617149,193794,808063,985634,148517,853017,238526,416883,322332,433982,327357,98879,671142,49264,200916,499087,275347,419546,596953,49050,886669,858286,84970,177335,13300,589945,707833,758899,213893,966165,484338,62374,178377,338198,880471,42625,355343,640704,827867,44528,790806,51056,296356,272070,913446,605428,502168,736575,112034,884479,529504,5394,162784,262253,38774,682033,28099,499900,480643,278457,590451,287345,919939,5964,564487,368630,371298,21096,687220,554520,765413,791319,246486,199727,366876,719545,125277,429838,16255,70927,710278,802929,910189,912116
629500,131407,62043,777522,742124,625892,729070,202935,794975,974570,420087,245645,480071,668940,852362,945318,128645,696616,79992,103473,131112,515007,481730,445828,798158,528892,668811,483286,332621,258728,973701,264287,789921,497019,320718,616245,6795,62840,920018,906155,831521,913667,679126,777037,693638,198777,452334,788866,1825,555534,433192,58322,441904,839578,618219,741569,935632,325243,745967,872886,433230,521512,652625,468959,183218,225925,411897,15193,750646,62030,431628,542734,610110,436178,80977,283886,73134,729951,346310,652171,481706,382532,326819,102950,370350,377380,481747,795600,691364,849776,512234,855020,465389,264775,629448,562691,541111,393251,420405,137036

b
4.418653e+08
4.501622e+08
5.05685e+08
4.557101e+08
3.679653e+08
4.35006e+08
4.298124e+08
4.667913e+08
4.351456e+08
4.519448e+08
4.879223e+08
4.387675e+08
4.222573e+08
4.239691e+08
4.359338e+08
4.485621e+08
4.476479e+08
4.430317e+08
4.52025e+08
4.382535e+08
4.197097e+08
4.536224e+08
4.695754e+08
4.515549e+08
4.210318e+08
4.620651e+08
4.580389e+08
4.458622e+08
4.393475e+08
4.479448e+08
4.277802e+08
4.201164e+08
4.267307e+08
4.23579e+08
4.520156e+08
4.213529e+08
4.634865e+08
4.525879e+08
4.081519e+08
4.335805e+08
4.336298e+08
4.525073e+08
4.188035e+08
4.444279e+08
3.814806e+08
4.248441e+08
4.188586e+08
4.275752e+08
4.238781e+08
4.120211e+08
4.045746e+08
4.455702e+08
4.562324e+08
4.368422e+08
3.877216e+08
4.569874e+08
4.714225e+08
4.308105e+08
4.324809e+08
4.463615e+08
4.290617e+08
4.298894e+08
4.072e+08
4.366379e+08
3.985835e+08
4.705369e+08
4.41689e+08
4.217682e+08
4.471244e+08
4.149881e+08
4.644961e+08
4.095998e+08
3.941286e+08
4.081027e+08
4.30695e+08
4.251719e+08
4.242188e+08
3.904342e+08
4.153595e+08
4.276809e+08
4.204711e+08
4.317765e+08
4.298228e+08
4.67937e+08
4.531635e+08
4.132015e+08
5.004723e+08
4.420283e+08
4.368913e+08
3.758544e+08
4.459275e+08
4.670371e+08
4.21297e+08
4.459419e+08
4.520107e+08
4.754486e+08
4.871253e+08
4.646975e+08
3.847518e+08
4.318984e+08

c
-88,-151,-49,43,144,172,-22,-42,73,40,67,69,-160,45,-19,-87,-80,119,-92,-135,12,193,-7,21,-105,159,3,44,-106,76,29,-127,-6,-56,1,-35,-29,-114,-43,67,166,-127,230,144,7,-40,-81,74,-80,-57,79,34,81,41,-50,-62,70,-78,110,70,19,-10,27,346,-21,-167,183,52,-75,254,46,20,-89,-118,-189,-53,-116,55,-42,169,143,7,-39,106,-126,58,-78,-50,-78,48,-89,-117,46,-53,27,-46,17,-269,37,177

Eqin
-1
-1
-1
-1
-1
-1
-1
-1
-1
-1
-1
-1
-1
-1
-1
-1
-1
-1
-1
-1
-1
-1
-1
-1
-1
-1
-1
-1
-1
-1
-1
-1
-1
-1
-1
-1
-1
-1
-1
-1
-1
-1
-1
-1
-1
-1
-1
-1
-1
-1
-1
-1
-1
-1
-1
-1
-1
-1
-1
-1
-1
-1
-1
-1
-1
-1
-1
-1
-1
-1
-1
-1
-1
-1
-1
-1
-1
-1
-1
-1
-1
-1
-1
-1
-1
-1
-1
-1
-1
-1
-1
-1
-1
-1
-1
-1
-1
-1
-1
-1
